<http://www.yso.fi/onto/yso/p1808>	musiikki
<http://www.yso.fi/onto/yso/p4279>	musiikkimaku
<http://www.yso.fi/onto/yso/p5426>	lestadiolaisuus
<http://www.yso.fi/onto/yso/p11617>	nuoret
