../all/533163.tsv