../all/536638.tsv