../all/385215.tsv