../all/421777.tsv