../all/423285.tsv