../fin/2012-M-40629.tsv