../fin/2015-M-48017.tsv